This folder: /media/daniella/B/git/Tamigucho/Sites/subdomains/assets/assets/cms2/img/misc/gus/promotions

  File: ./heading-nice.png
  Size: 81884     	Blocks: 160        IO Block: 4096   regular file
Device: 8,4	Inode: 2705986     Links: 1
Access: (0755/-rwxr-xr-x)  Uid: ( 1000/daniella)   Gid: ( 1000/daniella)
Access: 2024-01-13 23:33:35.598080500 -0300
Modify: 2024-01-13 23:33:32.226462900 -0300
Change: 2024-01-13 23:38:51.108021000 -0300
 Birth: 2024-01-13 23:38:51.104023800 -0300
IPFS hash: QmZegHitTs39S2KTWfHDjVCHsPJYW3gsfjbUDQ8zWHQbkh
------------------------------
  File: ./pink-dark-175x50-en.png
  Size: 16280     	Blocks: 32         IO Block: 4096   regular file
Device: 8,4	Inode: 4186855     Links: 1
Access: (0755/-rwxr-xr-x)  Uid: ( 1000/daniella)   Gid: ( 1000/daniella)
Access: 2024-01-13 23:37:12.630328400 -0300
Modify: 2023-08-13 22:33:56.386964900 -0300
Change: 2023-08-13 22:52:09.234966200 -0300
 Birth: 2023-08-13 22:52:09.228200800 -0300
IPFS hash: QmZtxvf2R2Qo2orveo5ixYPr3PvGo4GqJq7YT1EAzhnwJ6
------------------------------